{
  "cells": [
    {
      "cell_type": "markdown",
      "metadata": {
        "id": "v7Cycmf3Zbok"
      },
      "source": [
        "# Stock NeurIPS2018 Part 3. Backtest\n",
        "This series is a reproduction of paper *the process in the paper Practical Deep Reinforcement Learning Approach for Stock Trading*. \n",
        "\n",
        "This is the third and last part of the NeurIPS2018 series, introducing how to use use the agents we trained to do backtest, and compare with baselines such as Mean Variance Optimization and DJIA index.\n",
        "\n",
        "Other demos can be found at the repo of [FinRL-Tutorials]((https://github.com/AI4Finance-Foundation/FinRL-Tutorials))."
      ]
    },
    {
      "cell_type": "markdown",
      "metadata": {
        "id": "1oWbj4HgqHBg"
      },
      "source": [
        "# Part 1. Install Packages"
      ]
    },
    {
      "cell_type": "code",
      "execution_count": 1,
      "metadata": {
        "id": "QJgoEYx3p_NG"
      },
      "outputs": [],
      "source": [
        "## install finrl library\n",
        "!pip install git+https://github.com/AI4Finance-Foundation/FinRL.git"
      ]
    },
    {
      "cell_type": "code",
      "execution_count": 1,
      "metadata": {
        "id": "mqfBOKz-qJYF"
      },
      "outputs": [
        {
          "name": "stderr",
          "output_type": "stream",
          "text": [
            "C:\\Users\\aryam\\AppData\\Local\\Temp\\ipykernel_26456\\433015195.py:3: DeprecationWarning: \n",
            "Pyarrow will become a required dependency of pandas in the next major release of pandas (pandas 3.0),\n",
            "(to allow more performant data types, such as the Arrow string type, and better interoperability with other libraries)\n",
            "but was too old on your system - pyarrow 10.0.1 is the current minimum supported version as of this release.\n",
            "If this would cause problems for you,\n",
            "please provide us feedback at https://github.com/pandas-dev/pandas/issues/54466\n",
            "        \n",
            "  import pandas as pd\n"
          ]
        }
      ],
      "source": [
        "import matplotlib.pyplot as plt\n",
        "import numpy as np\n",
        "import pandas as pd\n",
        "from stable_baselines3 import A2C, DDPG, PPO, SAC, TD3\n",
        "\n",
        "from finrl.agents.stablebaselines3.models import DRLAgent\n",
        "from finrl.config import INDICATORS, TRAINED_MODEL_DIR\n",
        "from finrl.meta.env_stock_trading.env_stocktrading import StockTradingEnv\n",
        "from finrl.meta.preprocessor.yahoodownloader import YahooDownloader\n",
        "\n",
        "%matplotlib inline"
      ]
    },
    {
      "cell_type": "markdown",
      "metadata": {
        "id": "mUF2P4hmqVjh"
      },
      "source": [
        "# Part 2. Backtesting"
      ]
    },
    {
      "cell_type": "markdown",
      "metadata": {
        "id": "BdU6qLsVWDxI"
      },
      "source": [
        "To backtest the agents, upload trade_data.csv in the same directory of this notebook. For Colab users, just upload trade_data.csv to the default directory."
      ]
    },
    {
      "cell_type": "code",
      "execution_count": 2,
      "metadata": {
        "id": "mSjBHn_MZr4U"
      },
      "outputs": [],
      "source": [
        "train = pd.read_csv('train_data.csv')\n",
        "trade = pd.read_csv('trade_data.csv')\n",
        "\n",
        "# If you are not using the data generated from part 1 of this tutorial, make sure \n",
        "# it has the columns and index in the form that could be make into the environment. \n",
        "# Then you can comment and skip the following lines.\n",
        "train = train.set_index(train.columns[0])\n",
        "train.index.names = ['']\n",
        "trade = trade.set_index(trade.columns[0])\n",
        "trade.index.names = ['']"
      ]
    },
    {
      "cell_type": "markdown",
      "metadata": {
        "id": "qu4Ey54b36oL"
      },
      "source": [
        "Then, upload the trained agent to the same directory, and set the corresponding variable to True."
      ]
    },
    {
      "cell_type": "code",
      "execution_count": 3,
      "metadata": {
        "id": "Z_mVZM4IIa55"
      },
      "outputs": [],
      "source": [
        "if_using_a2c = True\n",
        "if_using_ddpg = True\n",
        "if_using_ppo = True\n",
        "if_using_td3 = True\n",
        "if_using_sac = True"
      ]
    },
    {
      "cell_type": "markdown",
      "metadata": {
        "id": "73D4oRqAIkYj"
      },
      "source": [
        "Load the agents"
      ]
    },
    {
      "cell_type": "code",
      "execution_count": 4,
      "metadata": {
        "id": "6CagrX0I36ZN"
      },
      "outputs": [
        {
          "name": "stderr",
          "output_type": "stream",
          "text": [
            "c:\\Program Files\\Python310\\lib\\site-packages\\stable_baselines3\\common\\buffers.py:241: UserWarning: This system does not have apparently enough memory to store the complete replay buffer 2.45GB > 1.87GB\n",
            "  warnings.warn(\n"
          ]
        }
      ],
      "source": [
        "trained_a2c = A2C.load(TRAINED_MODEL_DIR + \"/agent_a2c\") if if_using_a2c else None\n",
        "trained_ddpg = DDPG.load(TRAINED_MODEL_DIR + \"/agent_ddpg\") if if_using_ddpg else None\n",
        "trained_ppo = PPO.load(TRAINED_MODEL_DIR + \"/agent_ppo\") if if_using_ppo else None\n",
        "trained_td3 = TD3.load(TRAINED_MODEL_DIR + \"/agent_td3\") if if_using_td3 else None\n",
        "trained_sac = SAC.load(TRAINED_MODEL_DIR + \"/agent_sac\") if if_using_sac else None"
      ]
    },
    {
      "cell_type": "markdown",
      "metadata": {
        "id": "U5mmgQF_h1jQ"
      },
      "source": [
        "### Trading (Out-of-sample Performance)\n",
        "\n",
        "We update periodically in order to take full advantage of the data, e.g., retrain quarterly, monthly or weekly. We also tune the parameters along the way, in this notebook we use the in-sample data from 2009-01 to 2020-07 to tune the parameters once, so there is some alpha decay here as the length of trade date extends. \n",
        "\n",
        "Numerous hyperparameters – e.g. the learning rate, the total number of samples to train on – influence the learning process and are usually determined by testing some variations."
      ]
    },
    {
      "cell_type": "code",
      "execution_count": 5,
      "metadata": {
        "colab": {
          "base_uri": "https://localhost:8080/"
        },
        "id": "4H_w3SaBAkKU",
        "outputId": "fdaed3a7-d3a9-4cde-d194-ee4576057175"
      },
      "outputs": [
        {
          "name": "stdout",
          "output_type": "stream",
          "text": [
            "Stock Dimension: 29, State Space: 291\n"
          ]
        }
      ],
      "source": [
        "stock_dimension = len(trade.tic.unique())\n",
        "state_space = 1 + 2 * stock_dimension + len(INDICATORS) * stock_dimension\n",
        "print(f\"Stock Dimension: {stock_dimension}, State Space: {state_space}\")"
      ]
    },
    {
      "cell_type": "code",
      "execution_count": 6,
      "metadata": {
        "id": "nKNmQMqGAknW"
      },
      "outputs": [],
      "source": [
        "buy_cost_list = sell_cost_list = [0.001] * stock_dimension\n",
        "num_stock_shares = [0] * stock_dimension\n",
        "\n",
        "env_kwargs = {\n",
        "    \"hmax\": 100,\n",
        "    \"initial_amount\": 1000000,\n",
        "    \"num_stock_shares\": num_stock_shares,\n",
        "    \"buy_cost_pct\": buy_cost_list,\n",
        "    \"sell_cost_pct\": sell_cost_list,\n",
        "    \"state_space\": state_space,\n",
        "    \"stock_dim\": stock_dimension,\n",
        "    \"tech_indicator_list\": INDICATORS,\n",
        "    \"action_space\": stock_dimension,\n",
        "    \"reward_scaling\": 1e-4\n",
        "}"
      ]
    },
    {
      "cell_type": "code",
      "execution_count": 7,
      "metadata": {
        "id": "cIqoV0GSI52v"
      },
      "outputs": [],
      "source": [
        "e_trade_gym = StockTradingEnv(df = trade, turbulence_threshold = 70,risk_indicator_col='vix', **env_kwargs)\n",
        "env_trade, obs_trade = e_trade_gym.get_sb_env()"
      ]
    },
    {
      "cell_type": "code",
      "execution_count": 8,
      "metadata": {
        "colab": {
          "base_uri": "https://localhost:8080/"
        },
        "id": "lbFchno5j3xs",
        "outputId": "44fffa47-3b47-4e7b-96c2-0a485e9efead"
      },
      "outputs": [
        {
          "name": "stdout",
          "output_type": "stream",
          "text": [
            "hit end!\n"
          ]
        }
      ],
      "source": [
        "df_account_value_a2c, df_actions_a2c = DRLAgent.DRL_prediction(\n",
        "    model=trained_a2c, \n",
        "    environment = e_trade_gym) if if_using_a2c else (None, None)"
      ]
    },
    {
      "cell_type": "code",
      "execution_count": 9,
      "metadata": {
        "id": "JbYljWGjj3pH"
      },
      "outputs": [
        {
          "name": "stdout",
          "output_type": "stream",
          "text": [
            "hit end!\n"
          ]
        }
      ],
      "source": [
        "df_account_value_ddpg, df_actions_ddpg = DRLAgent.DRL_prediction(\n",
        "    model=trained_ddpg, \n",
        "    environment = e_trade_gym) if if_using_ddpg else (None, None)"
      ]
    },
    {
      "cell_type": "code",
      "execution_count": 10,
      "metadata": {
        "id": "74jNP2DBj3hb"
      },
      "outputs": [
        {
          "name": "stdout",
          "output_type": "stream",
          "text": [
            "hit end!\n"
          ]
        }
      ],
      "source": [
        "df_account_value_ppo, df_actions_ppo = DRLAgent.DRL_prediction(\n",
        "    model=trained_ppo, \n",
        "    environment = e_trade_gym) if if_using_ppo else (None, None)"
      ]
    },
    {
      "cell_type": "code",
      "execution_count": 11,
      "metadata": {
        "id": "S7VyGGJPj3SH"
      },
      "outputs": [
        {
          "name": "stdout",
          "output_type": "stream",
          "text": [
            "hit end!\n"
          ]
        }
      ],
      "source": [
        "df_account_value_td3, df_actions_td3 = DRLAgent.DRL_prediction(\n",
        "    model=trained_td3, \n",
        "    environment = e_trade_gym) if if_using_td3 else (None, None)"
      ]
    },
    {
      "cell_type": "code",
      "execution_count": 12,
      "metadata": {
        "colab": {
          "base_uri": "https://localhost:8080/"
        },
        "id": "eLOnL5eYh1jR",
        "outputId": "70e50e24-aed5-49f9-cdd7-de6b9689d9ce"
      },
      "outputs": [
        {
          "name": "stdout",
          "output_type": "stream",
          "text": [
            "hit end!\n"
          ]
        }
      ],
      "source": [
        "df_account_value_sac, df_actions_sac = DRLAgent.DRL_prediction(\n",
        "    model=trained_sac, \n",
        "    environment = e_trade_gym) if if_using_sac else (None, None)"
      ]
    },
    {
      "cell_type": "markdown",
      "metadata": {
        "id": "GcE-t08w6DaW"
      },
      "source": [
        "# Part 3: Mean Variance Optimization"
      ]
    },
    {
      "cell_type": "markdown",
      "metadata": {
        "id": "17TUs71EWj09"
      },
      "source": [
        "Mean Variance optimization is a very classic strategy in portfolio management. Here, we go through the whole process to do the mean variance optimization and add it as a baseline to compare.\n",
        "\n",
        "First, process dataframe to the form for MVO weight calculation."
      ]
    },
    {
      "cell_type": "code",
      "execution_count": 13,
      "metadata": {
        "id": "wungSNOwPwKR"
      },
      "outputs": [],
      "source": [
        "def process_df_for_mvo(df):\n",
        "  return df.pivot(index=\"date\", columns=\"tic\", values=\"close\")"
      ]
    },
    {
      "cell_type": "markdown",
      "metadata": {
        "id": "SwEwkHJ1d_6u"
      },
      "source": [
        "### Helper functions for mean returns and variance-covariance matrix"
      ]
    },
    {
      "cell_type": "code",
      "execution_count": 14,
      "metadata": {
        "id": "6KvXkpyE8MFq"
      },
      "outputs": [],
      "source": [
        "# Codes in this section partially refer to Dr G A Vijayalakshmi Pai\n",
        "\n",
        "# https://www.kaggle.com/code/vijipai/lesson-5-mean-variance-optimization-of-portfolios/notebook\n",
        "\n",
        "def StockReturnsComputing(StockPrice, Rows, Columns): \n",
        "  import numpy as np \n",
        "  StockReturn = np.zeros([Rows-1, Columns]) \n",
        "  for j in range(Columns):        # j: Assets \n",
        "    for i in range(Rows-1):     # i: Daily Prices \n",
        "      StockReturn[i,j]=((StockPrice[i+1, j]-StockPrice[i,j])/StockPrice[i,j])* 100 \n",
        "      \n",
        "  return StockReturn"
      ]
    },
    {
      "cell_type": "markdown",
      "metadata": {
        "id": "IeVVbuwveJ_5"
      },
      "source": [
        "### Calculate the weights for mean-variance"
      ]
    },
    {
      "cell_type": "code",
      "execution_count": 15,
      "metadata": {
        "colab": {
          "base_uri": "https://localhost:8080/"
        },
        "id": "kE8nruKLQYLO",
        "outputId": "42d07c80-f309-49f8-f2b4-36a51987086f"
      },
      "outputs": [
        {
          "data": {
            "text/plain": [
              "array([[1647.80822754,  432.15054321,  615.91400146, ...,  935.949646  ,\n",
              "        3827.90478516,  215.41073608],\n",
              "       [1646.29504395,  422.1260376 ,  617.85577393, ...,  973.65612793,\n",
              "        3843.95825195,  220.47517395],\n",
              "       [1668.16174316,  432.89865112,  627.45983887, ..., 1001.0970459 ,\n",
              "        3859.61865234,  218.95091248],\n",
              "       ...,\n",
              "       [3066.64672852,  964.29998779, 1613.15002441, ..., 3219.75      ,\n",
              "        8325.25      ,  382.33459473],\n",
              "       [3055.46630859,  955.45001221, 1611.44995117, ..., 3187.85009766,\n",
              "        8256.34960938,  381.03738403],\n",
              "       [2955.14135742,  972.04998779, 1560.        , ..., 3100.80004883,\n",
              "        8205.29980469,  377.44503784]])"
            ]
          },
          "execution_count": 15,
          "metadata": {},
          "output_type": "execute_result"
        }
      ],
      "source": [
        "StockData = process_df_for_mvo(train)\n",
        "TradeData = process_df_for_mvo(trade)\n",
        "\n",
        "TradeData.to_numpy()"
      ]
    },
    {
      "cell_type": "code",
      "execution_count": 16,
      "metadata": {
        "colab": {
          "base_uri": "https://localhost:8080/"
        },
        "id": "u6_O6vrn_uD4",
        "outputId": "0c2f8bf7-07e7-4fe5-c409-93312b95a8dd"
      },
      "outputs": [
        {
          "name": "stdout",
          "output_type": "stream",
          "text": [
            "Mean returns of assets in k-portfolio 1\n",
            " [ 0.095  0.049  0.138  0.196  0.048  0.094  0.08   0.105  0.053  0.06\n",
            "  0.05   0.057  0.096  0.028  0.033  0.084  0.087  0.002  0.047  0.073\n",
            "  0.009  0.051 -0.003  0.006  0.079  0.074  0.1    0.074  0.026]\n",
            "Variance-Covariance matrix of returns\n",
            " [[2.729 1.224 1.05  1.142 0.77  0.48  0.866 0.804 1.136 1.255 0.469 1.253\n",
            "  1.044 1.076 0.89  1.156 0.735 0.64  0.513 0.951 0.991 0.597 1.137 1.137\n",
            "  0.441 0.541 0.982 1.144 0.449]\n",
            " [1.224 5.56  2.133 2.321 1.298 0.898 1.919 0.771 3.59  3.229 0.953 2.659\n",
            "  2.118 2.621 1.849 2.093 0.609 1.412 1.039 1.724 3.129 0.925 2.766 2.488\n",
            "  0.758 1.166 1.902 1.759 0.748]\n",
            " [1.05  2.133 5.138 2.843 1.041 0.609 1.264 0.679 1.83  2.189 0.601 1.992\n",
            "  1.471 1.594 1.421 1.567 0.661 0.98  0.79  1.315 1.695 0.786 1.844 1.846\n",
            "  0.624 0.866 1.428 1.414 0.574]\n",
            " [1.142 2.321 2.843 5.675 1.084 0.593 1.421 0.863 2.036 2.38  0.73  2.037\n",
            "  1.764 1.699 1.572 1.748 0.721 1.068 0.83  1.396 2.013 0.818 1.898 1.839\n",
            "  0.632 0.914 1.542 1.519 0.559]\n",
            " [0.77  1.298 1.041 1.084 4.398 0.526 0.925 0.531 1.419 1.409 0.628 1.529\n",
            "  0.964 1.257 1.059 1.008 0.511 0.826 0.706 1.197 1.365 0.682 1.412 1.388\n",
            "  0.499 0.587 1.088 1.105 0.511]\n",
            " [0.48  0.898 0.609 0.593 0.526 3.395 0.662 0.574 0.921 0.79  1.608 1.1\n",
            "  0.655 0.739 0.786 0.664 0.533 0.502 0.46  0.917 0.681 0.628 1.186 1.063\n",
            "  1.581 1.494 0.666 0.6   1.379]\n",
            " [0.866 1.919 1.264 1.421 0.925 0.662 2.234 0.64  1.818 2.008 0.694 1.602\n",
            "  1.687 1.538 1.238 1.258 0.454 0.82  0.718 1.238 1.513 0.649 1.477 1.43\n",
            "  0.646 0.692 1.148 1.037 0.514]\n",
            " [0.804 0.771 0.679 0.863 0.531 0.574 0.64  2.493 0.781 0.958 0.482 0.736\n",
            "  0.799 0.655 0.702 0.775 0.805 0.463 0.351 0.737 0.624 0.541 0.713 0.701\n",
            "  0.501 0.558 0.744 0.7   0.518]\n",
            " [1.136 3.59  1.83  2.036 1.419 0.921 1.818 0.781 4.848 2.803 0.931 2.59\n",
            "  1.964 2.437 1.785 1.852 0.623 1.379 1.107 1.753 3.336 0.891 2.686 2.601\n",
            "  0.795 1.031 1.658 1.746 0.805]\n",
            " [1.255 3.229 2.189 2.38  1.409 0.79  2.008 0.958 2.803 6.504 0.915 2.464\n",
            "  2.222 2.292 1.886 1.843 0.753 1.15  1.058 1.438 2.41  0.755 2.318 2.194\n",
            "  0.758 0.943 1.72  1.648 0.739]\n",
            " [0.469 0.953 0.601 0.73  0.628 1.608 0.694 0.482 0.931 0.915 3.398 0.851\n",
            "  0.723 0.779 0.618 0.572 0.453 0.515 0.371 0.781 0.706 0.549 1.111 0.949\n",
            "  1.55  1.448 0.667 0.542 1.358]\n",
            " [1.253 2.659 1.992 2.037 1.529 1.1   1.602 0.736 2.59  2.464 0.851 6.157\n",
            "  1.883 2.24  1.962 1.909 0.678 1.408 1.059 1.882 2.503 1.156 3.03  3.83\n",
            "  0.773 1.081 1.758 1.774 0.807]\n",
            " [1.044 2.118 1.471 1.764 0.964 0.655 1.687 0.799 1.964 2.222 0.723 1.883\n",
            "  3.36  1.716 1.439 1.34  0.469 0.92  0.791 1.408 1.664 0.789 1.545 1.518\n",
            "  0.633 0.72  1.237 1.196 0.552]\n",
            " [1.076 2.621 1.594 1.699 1.257 0.739 1.538 0.655 2.437 2.292 0.779 2.24\n",
            "  1.716 3.762 1.586 1.675 0.528 1.213 0.954 1.458 2.327 0.786 2.191 2.264\n",
            "  0.59  0.925 1.303 1.536 0.629]\n",
            " [0.89  1.849 1.421 1.572 1.059 0.786 1.238 0.702 1.785 1.886 0.618 1.962\n",
            "  1.439 1.586 3.708 1.665 0.51  0.924 0.77  1.214 1.622 0.807 2.066 1.787\n",
            "  0.616 0.757 1.243 1.27  0.604]\n",
            " [1.156 2.093 1.567 1.748 1.008 0.664 1.258 0.775 1.852 1.843 0.572 1.909\n",
            "  1.34  1.675 1.665 3.744 0.633 1.016 0.741 1.318 1.773 0.668 2.068 1.832\n",
            "  0.492 0.733 1.333 1.406 0.499]\n",
            " [0.735 0.609 0.661 0.721 0.511 0.533 0.454 0.805 0.623 0.753 0.453 0.678\n",
            "  0.469 0.528 0.51  0.633 2.432 0.398 0.249 0.647 0.517 0.44  0.611 0.646\n",
            "  0.418 0.517 0.753 0.673 0.401]\n",
            " [0.64  1.412 0.98  1.068 0.826 0.502 0.82  0.463 1.379 1.15  0.515 1.408\n",
            "  0.92  1.213 0.924 1.016 0.398 2.828 1.166 0.971 1.386 0.651 1.45  1.434\n",
            "  0.433 0.569 0.865 0.927 0.445]\n",
            " [0.513 1.039 0.79  0.83  0.706 0.46  0.718 0.351 1.107 1.058 0.371 1.059\n",
            "  0.791 0.954 0.77  0.741 0.249 1.166 2.189 0.766 1.04  0.451 1.087 1.027\n",
            "  0.426 0.448 0.627 0.699 0.402]\n",
            " [0.951 1.724 1.315 1.396 1.197 0.917 1.238 0.737 1.753 1.438 0.781 1.882\n",
            "  1.408 1.458 1.214 1.318 0.647 0.971 0.766 3.378 1.657 0.924 1.856 1.827\n",
            "  0.808 0.943 1.202 1.155 0.764]\n",
            " [0.991 3.129 1.695 2.013 1.365 0.681 1.513 0.624 3.336 2.41  0.706 2.503\n",
            "  1.664 2.327 1.622 1.773 0.517 1.386 1.04  1.657 5.04  0.769 2.514 2.488\n",
            "  0.546 0.922 1.457 1.671 0.613]\n",
            " [0.597 0.925 0.786 0.818 0.682 0.628 0.649 0.541 0.891 0.755 0.549 1.156\n",
            "  0.789 0.786 0.807 0.668 0.44  0.651 0.451 0.924 0.769 3.85  1.188 1.116\n",
            "  0.486 0.73  0.634 0.793 0.532]\n",
            " [1.137 2.766 1.844 1.898 1.412 1.186 1.477 0.713 2.686 2.318 1.111 3.03\n",
            "  1.545 2.191 2.066 2.068 0.611 1.45  1.087 1.856 2.514 1.188 7.544 3.158\n",
            "  1.087 1.208 1.806 1.579 1.04 ]\n",
            " [1.137 2.488 1.846 1.839 1.388 1.063 1.43  0.701 2.601 2.194 0.949 3.83\n",
            "  1.518 2.264 1.787 1.832 0.646 1.434 1.027 1.827 2.488 1.116 3.158 5.598\n",
            "  0.838 1.077 1.489 1.714 0.903]\n",
            " [0.441 0.758 0.624 0.632 0.499 1.581 0.646 0.501 0.795 0.758 1.55  0.773\n",
            "  0.633 0.59  0.616 0.492 0.418 0.433 0.426 0.808 0.546 0.486 1.087 0.838\n",
            "  2.755 1.303 0.691 0.541 1.214]\n",
            " [0.541 1.166 0.866 0.914 0.587 1.494 0.692 0.558 1.031 0.943 1.448 1.081\n",
            "  0.72  0.925 0.757 0.733 0.517 0.569 0.448 0.943 0.922 0.73  1.208 1.077\n",
            "  1.303 3.817 0.743 0.778 1.146]\n",
            " [0.982 1.902 1.428 1.542 1.088 0.666 1.148 0.744 1.658 1.72  0.667 1.758\n",
            "  1.237 1.303 1.243 1.333 0.753 0.865 0.627 1.202 1.457 0.634 1.806 1.489\n",
            "  0.691 0.743 5.024 1.057 0.574]\n",
            " [1.144 1.759 1.414 1.519 1.105 0.6   1.037 0.7   1.746 1.648 0.542 1.774\n",
            "  1.196 1.536 1.27  1.406 0.673 0.927 0.699 1.155 1.671 0.793 1.579 1.714\n",
            "  0.541 0.778 1.057 3.238 0.576]\n",
            " [0.449 0.748 0.574 0.559 0.511 1.379 0.514 0.518 0.805 0.739 1.358 0.807\n",
            "  0.552 0.629 0.604 0.499 0.401 0.445 0.402 0.764 0.613 0.532 1.04  0.903\n",
            "  1.214 1.146 0.574 0.576 2.614]]\n"
          ]
        }
      ],
      "source": [
        "#compute asset returns\n",
        "arStockPrices = np.asarray(StockData)\n",
        "[Rows, Cols]=arStockPrices.shape\n",
        "arReturns = StockReturnsComputing(arStockPrices, Rows, Cols)\n",
        "\n",
        "#compute mean returns and variance covariance matrix of returns\n",
        "meanReturns = np.mean(arReturns, axis = 0)\n",
        "covReturns = np.cov(arReturns, rowvar=False)\n",
        " \n",
        "#set precision for printing results\n",
        "np.set_printoptions(precision=3, suppress = True)\n",
        "\n",
        "#display mean returns and variance-covariance matrix of returns\n",
        "print('Mean returns of assets in k-portfolio 1\\n', meanReturns)\n",
        "print('Variance-Covariance matrix of returns\\n', covReturns)"
      ]
    },
    {
      "cell_type": "markdown",
      "metadata": {
        "id": "zC7r-cI8RR1X"
      },
      "source": [
        "### Use PyPortfolioOpt"
      ]
    },
    {
      "cell_type": "code",
      "execution_count": 17,
      "metadata": {
        "colab": {
          "base_uri": "https://localhost:8080/"
        },
        "id": "b1btTONEdCU4",
        "outputId": "75096462-7dfb-4ce6-c6f4-4671f11e79fc"
      },
      "outputs": [
        {
          "data": {
            "text/plain": [
              "array([ 88860.,      0.,  56280., 299570.,      0., 133920.,      0.,\n",
              "       231340.,      0.,      0.,      0.,      0.,      0.,      0.,\n",
              "            0.,      0., 126150.,      0.,      0.,      0.,      0.,\n",
              "            0.,      0.,      0.,  51740.,      0.,  12140.,      0.,\n",
              "            0.])"
            ]
          },
          "execution_count": 17,
          "metadata": {},
          "output_type": "execute_result"
        }
      ],
      "source": [
        "from pypfopt.efficient_frontier import EfficientFrontier\n",
        "\n",
        "ef_mean = EfficientFrontier(meanReturns, covReturns, weight_bounds=(0, 0.5))\n",
        "raw_weights_mean = ef_mean.max_sharpe()\n",
        "cleaned_weights_mean = ef_mean.clean_weights()\n",
        "mvo_weights = np.array([1000000 * cleaned_weights_mean[i] for i in range(len(cleaned_weights_mean))])\n",
        "mvo_weights"
      ]
    },
    {
      "cell_type": "code",
      "execution_count": 18,
      "metadata": {
        "colab": {
          "base_uri": "https://localhost:8080/"
        },
        "id": "F38NJRJJgOmj",
        "outputId": "f575651b-1e9b-4015-ae71-c9fc2c3a3dae"
      },
      "outputs": [
        {
          "data": {
            "text/plain": [
              "array([ 53.944,   0.   ,  96.445, 107.281,   0.   , 278.014,   0.   ,\n",
              "       113.118,   0.   ,   0.   ,   0.   ,   0.   ,   0.   ,   0.   ,\n",
              "         0.   ,   0.   ,  79.573,   0.   ,   0.   ,   0.   ,   0.   ,\n",
              "         0.   ,   0.   ,   0.   ,  26.607,   0.   ,  12.948,   0.   ,\n",
              "         0.   ])"
            ]
          },
          "execution_count": 18,
          "metadata": {},
          "output_type": "execute_result"
        }
      ],
      "source": [
        "LastPrice = np.array([1/p for p in StockData.tail(1).to_numpy()[0]])\n",
        "Initial_Portfolio = np.multiply(mvo_weights, LastPrice)\n",
        "Initial_Portfolio"
      ]
    },
    {
      "cell_type": "code",
      "execution_count": 19,
      "metadata": {
        "id": "ZAd1iXqZhQ6X"
      },
      "outputs": [
        {
          "data": {
            "text/html": [
              "<div>\n",
              "<style scoped>\n",
              "    .dataframe tbody tr th:only-of-type {\n",
              "        vertical-align: middle;\n",
              "    }\n",
              "\n",
              "    .dataframe tbody tr th {\n",
              "        vertical-align: top;\n",
              "    }\n",
              "\n",
              "    .dataframe thead th {\n",
              "        text-align: right;\n",
              "    }\n",
              "</style>\n",
              "<table border=\"1\" class=\"dataframe\">\n",
              "  <thead>\n",
              "    <tr style=\"text-align: right;\">\n",
              "      <th></th>\n",
              "      <th>Mean Var</th>\n",
              "    </tr>\n",
              "    <tr>\n",
              "      <th>date</th>\n",
              "      <th></th>\n",
              "    </tr>\n",
              "  </thead>\n",
              "  <tbody>\n",
              "    <tr>\n",
              "      <th>2020-07-01</th>\n",
              "      <td>1.011376e+06</td>\n",
              "    </tr>\n",
              "    <tr>\n",
              "      <th>2020-07-02</th>\n",
              "      <td>1.016831e+06</td>\n",
              "    </tr>\n",
              "    <tr>\n",
              "      <th>2020-07-06</th>\n",
              "      <td>1.040646e+06</td>\n",
              "    </tr>\n",
              "    <tr>\n",
              "      <th>2020-07-07</th>\n",
              "      <td>1.074675e+06</td>\n",
              "    </tr>\n",
              "    <tr>\n",
              "      <th>2020-07-08</th>\n",
              "      <td>1.051403e+06</td>\n",
              "    </tr>\n",
              "    <tr>\n",
              "      <th>...</th>\n",
              "      <td>...</td>\n",
              "    </tr>\n",
              "    <tr>\n",
              "      <th>2023-10-19</th>\n",
              "      <td>2.120204e+06</td>\n",
              "    </tr>\n",
              "    <tr>\n",
              "      <th>2023-10-20</th>\n",
              "      <td>2.109587e+06</td>\n",
              "    </tr>\n",
              "    <tr>\n",
              "      <th>2023-10-23</th>\n",
              "      <td>2.098037e+06</td>\n",
              "    </tr>\n",
              "    <tr>\n",
              "      <th>2023-10-25</th>\n",
              "      <td>2.082843e+06</td>\n",
              "    </tr>\n",
              "    <tr>\n",
              "      <th>2023-10-26</th>\n",
              "      <td>2.035687e+06</td>\n",
              "    </tr>\n",
              "  </tbody>\n",
              "</table>\n",
              "<p>800 rows × 1 columns</p>\n",
              "</div>"
            ],
            "text/plain": [
              "                Mean Var\n",
              "date                    \n",
              "2020-07-01  1.011376e+06\n",
              "2020-07-02  1.016831e+06\n",
              "2020-07-06  1.040646e+06\n",
              "2020-07-07  1.074675e+06\n",
              "2020-07-08  1.051403e+06\n",
              "...                  ...\n",
              "2023-10-19  2.120204e+06\n",
              "2023-10-20  2.109587e+06\n",
              "2023-10-23  2.098037e+06\n",
              "2023-10-25  2.082843e+06\n",
              "2023-10-26  2.035687e+06\n",
              "\n",
              "[800 rows x 1 columns]"
            ]
          },
          "execution_count": 19,
          "metadata": {},
          "output_type": "execute_result"
        }
      ],
      "source": [
        "Portfolio_Assets = TradeData @ Initial_Portfolio\n",
        "MVO_result = pd.DataFrame(Portfolio_Assets, columns=[\"Mean Var\"])\n",
        "MVO_result"
      ]
    },
    {
      "cell_type": "markdown",
      "metadata": {
        "id": "I5sgGe7g1HsL"
      },
      "source": [
        "# Part 4: DJIA index"
      ]
    },
    {
      "cell_type": "markdown",
      "metadata": {
        "id": "sVe_ufxTY2CW"
      },
      "source": [
        "Add DJIA index as a baseline to compare with."
      ]
    },
    {
      "cell_type": "code",
      "execution_count": 40,
      "metadata": {
        "id": "sACPzsI-6k8q"
      },
      "outputs": [],
      "source": [
        "TRAIN_START_DATE = '2009-01-01'\n",
        "TRAIN_END_DATE = '2020-07-01'\n",
        "TRADE_START_DATE = '2020-07-01'\n",
        "TRADE_END_DATE = '2023-10-13'"
      ]
    },
    {
      "cell_type": "code",
      "execution_count": 41,
      "metadata": {
        "colab": {
          "base_uri": "https://localhost:8080/"
        },
        "id": "TuszW-OB1K0m",
        "outputId": "b89a8350-de58-4fea-8e4b-856efa872712"
      },
      "outputs": [
        {
          "name": "stderr",
          "output_type": "stream",
          "text": [
            "c:\\Program Files\\Python310\\lib\\site-packages\\yfinance\\utils.py:775: FutureWarning: The 'unit' keyword in TimedeltaIndex construction is deprecated and will be removed in a future version. Use pd.to_timedelta instead.\n",
            "  df.index += _pd.TimedeltaIndex(dst_error_hours, 'h')\n",
            "[*********************100%%**********************]  1 of 1 completed"
          ]
        },
        {
          "name": "stdout",
          "output_type": "stream",
          "text": [
            "Shape of DataFrame:  (816, 8)\n"
          ]
        },
        {
          "name": "stderr",
          "output_type": "stream",
          "text": [
            "\n"
          ]
        }
      ],
      "source": [
        "df_SENSEX_TICKER = YahooDownloader(\n",
        "    start_date=TRADE_START_DATE, end_date=TRADE_END_DATE, ticker_list=[\"^BSESN\"]\n",
        ").fetch_data()"
      ]
    },
    {
      "cell_type": "code",
      "execution_count": 42,
      "metadata": {
        "id": "Q3RXz72U1VbV"
      },
      "outputs": [],
      "source": [
        "df_SENSEX_TICKER = df_SENSEX_TICKER[[\"date\", \"close\"]]\n",
        "fst_day = df_SENSEX_TICKER[\"close\"][0]\n",
        "sensex = pd.merge(\n",
        "    df_SENSEX_TICKER[\"date\"],\n",
        "    df_SENSEX_TICKER[\"close\"].div(fst_day).mul(1000000),\n",
        "    how=\"outer\",\n",
        "    left_index=True,\n",
        "    right_index=True,\n",
        ").set_index(\"date\")"
      ]
    },
    {
      "cell_type": "markdown",
      "metadata": {
        "id": "W6vvNSC6h1jZ"
      },
      "source": [
        "<a id='4'></a>\n",
        "# Part 5: Backtesting Results\n",
        "Backtesting plays a key role in evaluating the performance of a trading strategy. Automated backtesting tool is preferred because it reduces the human error. We usually use the Quantopian pyfolio package to backtest our trading strategies. It is easy to use and consists of various individual plots that provide a comprehensive image of the performance of a trading strategy."
      ]
    },
    {
      "cell_type": "code",
      "execution_count": 67,
      "metadata": {
        "id": "KeDeGAc9VrEg"
      },
      "outputs": [],
      "source": [
        "df_result_a2c = (\n",
        "    df_account_value_a2c.set_index(df_account_value_a2c.columns[0])\n",
        "    if if_using_a2c\n",
        "    else None\n",
        ")\n",
        "df_result_ddpg = (\n",
        "    df_account_value_ddpg.set_index(df_account_value_ddpg.columns[0])\n",
        "    if if_using_ddpg\n",
        "    else None\n",
        ")\n",
        "df_result_ppo = (\n",
        "    df_account_value_ppo.set_index(df_account_value_ppo.columns[0])\n",
        "    if if_using_ppo\n",
        "    else None\n",
        ")\n",
        "df_result_td3 = (\n",
        "    df_account_value_td3.set_index(df_account_value_td3.columns[0])\n",
        "    if if_using_td3\n",
        "    else None\n",
        ")\n",
        "df_result_sac = (\n",
        "    df_account_value_sac.set_index(df_account_value_sac.columns[0])\n",
        "    if if_using_sac\n",
        "    else None\n",
        ")\n",
        "\n",
        "result = pd.DataFrame(\n",
        "    {\n",
        "        \"a2c\": df_result_a2c[\"account_value\"] if if_using_a2c else None,\n",
        "        \"ddpg\": df_result_ddpg[\"account_value\"] if if_using_ddpg else None,\n",
        "        \"ppo\": df_result_ppo[\"account_value\"] if if_using_ppo else None,\n",
        "        \"td3\": df_result_td3[\"account_value\"] if if_using_td3 else None,\n",
        "        \"sac\": df_result_sac[\"account_value\"] if if_using_sac else None,\n",
        "        \"mvo\": MVO_result[\"Mean Var\"],\n",
        "        \"sensex\": sensex[\"close\"],\n",
        "    }\n",
        ")"
      ]
    },
    {
      "cell_type": "code",
      "execution_count": 68,
      "metadata": {
        "colab": {
          "base_uri": "https://localhost:8080/",
          "height": 455
        },
        "id": "l4FZxyDt3XaE",
        "outputId": "2e739637-bf88-4698-9cf1-9a526452e465"
      },
      "outputs": [
        {
          "data": {
            "text/html": [
              "<div>\n",
              "<style scoped>\n",
              "    .dataframe tbody tr th:only-of-type {\n",
              "        vertical-align: middle;\n",
              "    }\n",
              "\n",
              "    .dataframe tbody tr th {\n",
              "        vertical-align: top;\n",
              "    }\n",
              "\n",
              "    .dataframe thead th {\n",
              "        text-align: right;\n",
              "    }\n",
              "</style>\n",
              "<table border=\"1\" class=\"dataframe\">\n",
              "  <thead>\n",
              "    <tr style=\"text-align: right;\">\n",
              "      <th></th>\n",
              "      <th>a2c</th>\n",
              "      <th>ddpg</th>\n",
              "      <th>ppo</th>\n",
              "      <th>td3</th>\n",
              "      <th>sac</th>\n",
              "      <th>mvo</th>\n",
              "      <th>sensex</th>\n",
              "    </tr>\n",
              "    <tr>\n",
              "      <th>date</th>\n",
              "      <th></th>\n",
              "      <th></th>\n",
              "      <th></th>\n",
              "      <th></th>\n",
              "      <th></th>\n",
              "      <th></th>\n",
              "      <th></th>\n",
              "    </tr>\n",
              "  </thead>\n",
              "  <tbody>\n",
              "    <tr>\n",
              "      <th>2020-07-01</th>\n",
              "      <td>1.000000e+06</td>\n",
              "      <td>1.000000e+06</td>\n",
              "      <td>1.000000e+06</td>\n",
              "      <td>1.000000e+06</td>\n",
              "      <td>1.000000e+06</td>\n",
              "      <td>1.011376e+06</td>\n",
              "      <td>1.000000e+06</td>\n",
              "    </tr>\n",
              "    <tr>\n",
              "      <th>2020-07-02</th>\n",
              "      <td>1.007636e+06</td>\n",
              "      <td>1.012305e+06</td>\n",
              "      <td>1.002135e+06</td>\n",
              "      <td>1.002392e+06</td>\n",
              "      <td>1.014877e+06</td>\n",
              "      <td>1.016831e+06</td>\n",
              "      <td>1.012121e+06</td>\n",
              "    </tr>\n",
              "    <tr>\n",
              "      <th>2020-07-03</th>\n",
              "      <td>NaN</td>\n",
              "      <td>NaN</td>\n",
              "      <td>NaN</td>\n",
              "      <td>NaN</td>\n",
              "      <td>NaN</td>\n",
              "      <td>NaN</td>\n",
              "      <td>1.017139e+06</td>\n",
              "    </tr>\n",
              "    <tr>\n",
              "      <th>2020-07-06</th>\n",
              "      <td>1.026577e+06</td>\n",
              "      <td>1.053786e+06</td>\n",
              "      <td>1.012008e+06</td>\n",
              "      <td>1.009366e+06</td>\n",
              "      <td>1.036255e+06</td>\n",
              "      <td>1.040646e+06</td>\n",
              "      <td>1.030294e+06</td>\n",
              "    </tr>\n",
              "    <tr>\n",
              "      <th>2020-07-07</th>\n",
              "      <td>1.038431e+06</td>\n",
              "      <td>1.074820e+06</td>\n",
              "      <td>1.023990e+06</td>\n",
              "      <td>1.019371e+06</td>\n",
              "      <td>1.050995e+06</td>\n",
              "      <td>1.074675e+06</td>\n",
              "      <td>1.035581e+06</td>\n",
              "    </tr>\n",
              "    <tr>\n",
              "      <th>...</th>\n",
              "      <td>...</td>\n",
              "      <td>...</td>\n",
              "      <td>...</td>\n",
              "      <td>...</td>\n",
              "      <td>...</td>\n",
              "      <td>...</td>\n",
              "      <td>...</td>\n",
              "    </tr>\n",
              "    <tr>\n",
              "      <th>2023-10-19</th>\n",
              "      <td>2.216020e+06</td>\n",
              "      <td>2.288963e+06</td>\n",
              "      <td>2.078393e+06</td>\n",
              "      <td>1.789471e+06</td>\n",
              "      <td>2.275631e+06</td>\n",
              "      <td>2.120204e+06</td>\n",
              "      <td>NaN</td>\n",
              "    </tr>\n",
              "    <tr>\n",
              "      <th>2023-10-20</th>\n",
              "      <td>2.202879e+06</td>\n",
              "      <td>2.278488e+06</td>\n",
              "      <td>2.066806e+06</td>\n",
              "      <td>1.788733e+06</td>\n",
              "      <td>2.272795e+06</td>\n",
              "      <td>2.109587e+06</td>\n",
              "      <td>NaN</td>\n",
              "    </tr>\n",
              "    <tr>\n",
              "      <th>2023-10-23</th>\n",
              "      <td>2.167802e+06</td>\n",
              "      <td>2.259566e+06</td>\n",
              "      <td>2.049731e+06</td>\n",
              "      <td>1.767421e+06</td>\n",
              "      <td>2.265881e+06</td>\n",
              "      <td>2.098037e+06</td>\n",
              "      <td>NaN</td>\n",
